stuff/ps_demo/trilin.grd
DSAA
20 20
0 1
0 1
0 1
     0.002     0.006      0.01     0.014     0.018     0.022     0.026      0.03     0.034     0.038   0.07675   0.15025   0.22375   0.29725   0.37075   0.44425   0.51775   0.59125   0.66475   0.73825
     0.006     0.018      0.03     0.042     0.054     0.066     0.078      0.09     0.102     0.114   0.15025   0.21075   0.27125   0.33175   0.39225   0.45275   0.51325   0.57375   0.63425   0.69475
      0.01      0.03      0.05      0.07      0.09      0.11      0.13      0.15      0.17      0.19   0.22375   0.27125   0.31875   0.36625   0.41375   0.46125   0.50875   0.55625   0.60375   0.65125
     0.014     0.042      0.07     0.098     0.126     0.154     0.182      0.21     0.238     0.266   0.29725   0.33175   0.36625   0.40075   0.43525   0.46975   0.50425   0.53875   0.57325   0.60775
     0.018     0.054      0.09     0.126     0.162     0.198     0.234      0.27     0.306     0.342   0.37075   0.39225   0.41375   0.43525   0.45675   0.47825   0.49975   0.52125   0.54275   0.56425
     0.022     0.066      0.11     0.154     0.198     0.242     0.286      0.33     0.374     0.418   0.44425   0.45275   0.46125   0.46975   0.47825   0.48675   0.49525   0.50375   0.51225   0.52075
     0.026     0.078      0.13     0.182     0.234     0.286     0.338      0.39     0.442     0.494   0.51775   0.51325   0.50875   0.50425   0.49975   0.49525   0.49075   0.48625   0.48175   0.47725
      0.03      0.09      0.15      0.21      0.27      0.33      0.39      0.45      0.51      0.57   0.59125   0.57375   0.55625   0.53875   0.52125   0.50375   0.48625   0.46875   0.45125   0.43375
     0.034     0.102      0.17     0.238     0.306     0.374     0.442      0.51     0.578     0.646   0.66475   0.63425   0.60375   0.57325   0.54275   0.51225   0.48175   0.45125   0.42075   0.39025
     0.038     0.114      0.19     0.266     0.342     0.418     0.494      0.57     0.646     0.722   0.73825   0.69475   0.65125   0.60775   0.56425   0.52075   0.47725   0.43375   0.39025   0.34675
   0.07675   0.15025   0.22375   0.29725   0.37075   0.44425   0.51775   0.59125   0.66475   0.73825    0.7505    0.7015    0.6525    0.6035    0.5545    0.5055    0.4565    0.4075    0.3585    0.3095
   0.15025   0.21075   0.27125   0.33175   0.39225   0.45275   0.51325   0.57375   0.63425   0.69475    0.7015    0.6545    0.6075    0.5605    0.5135    0.4665    0.4195    0.3725    0.3255    0.2785
   0.22375   0.27125   0.31875   0.36625   0.41375   0.46125   0.50875   0.55625   0.60375   0.65125    0.6525    0.6075    0.5625    0.5175    0.4725    0.4275    0.3825    0.3375    0.2925    0.2475
   0.29725   0.33175   0.36625   0.40075   0.43525   0.46975   0.50425   0.53875   0.57325   0.60775    0.6035    0.5605    0.5175    0.4745    0.4315    0.3885    0.3455    0.3025    0.2595    0.2165
   0.37075   0.39225   0.41375   0.43525   0.45675   0.47825   0.49975   0.52125   0.54275   0.56425    0.5545    0.5135    0.4725    0.4315    0.3905    0.3495    0.3085    0.2675    0.2265    0.1855
   0.44425   0.45275   0.46125   0.46975   0.47825   0.48675   0.49525   0.50375   0.51225   0.52075    0.5055    0.4665    0.4275    0.3885    0.3495    0.3105    0.2715    0.2325    0.1935    0.1545
   0.51775   0.51325   0.50875   0.50425   0.49975   0.49525   0.49075   0.48625   0.48175   0.47725    0.4565    0.4195    0.3825    0.3455    0.3085    0.2715    0.2345    0.1975    0.1605    0.1235
   0.59125   0.57375   0.55625   0.53875   0.52125   0.50375   0.48625   0.46875   0.45125   0.43375    0.4075    0.3725    0.3375    0.3025    0.2675    0.2325    0.1975    0.1625    0.1275    0.0925
   0.66475   0.63425   0.60375   0.57325   0.54275   0.51225   0.48175   0.45125   0.42075   0.39025    0.3585    0.3255    0.2925    0.2595    0.2265    0.1935    0.1605    0.1275    0.0945    0.0615
   0.73825   0.69475   0.65125   0.60775   0.56425   0.52075   0.47725   0.43375   0.39025   0.34675    0.3095    0.2785    0.2475    0.2165    0.1855    0.1545    0.1235    0.0925    0.0615    0.0305
