stuff/07_paraboloid.grd
DSAA
41 41
-4000 4000
-4000 4000
2200.16 2529.01
    2455.15    2446.81    2438.88    2431.35    2424.22     2417.5    2411.18    2405.26    2399.75    2394.64    2389.93    2385.63    2381.73    2378.23    2375.14    2372.45    2370.16    2368.28     2366.8    2365.73    2365.05    2364.79    2364.92    2365.46     2366.4    2367.75     2369.5    2371.65     2374.2    2377.16    2380.53    2384.29    2388.46    2393.04    2398.01    2403.39    2409.18    2415.36    2421.95    2428.95    2436.35
     2437.3    2429.09    2421.28    2413.87    2406.87    2400.27    2394.08    2388.29     2382.9    2377.92    2373.34    2369.16    2365.39    2362.02    2359.05    2356.49    2354.33    2352.57    2351.22    2350.27    2349.73    2349.58    2349.84    2350.51    2351.58    2353.05    2354.92     2357.2    2359.88    2362.97    2366.46    2370.35    2374.65    2379.35    2384.45    2389.96    2395.87    2402.18     2408.9    2416.02    2423.54
    2420.22    2412.14    2404.45    2397.18     2390.3    2383.83    2377.76     2372.1    2366.84    2361.98    2357.52    2353.47    2349.83    2346.58    2343.74     2341.3    2339.27    2337.64    2336.41    2335.59    2335.17    2335.16    2335.54    2336.33    2337.53    2339.13    2341.13    2343.53    2346.34    2349.55    2353.17    2357.19    2361.61    2366.43    2371.66     2377.3    2383.33    2389.77    2396.61    2403.86    2411.51
    2403.92    2395.96    2388.41    2381.25     2374.5    2368.16    2362.22    2356.68    2351.54    2346.81    2342.48    2338.56    2335.04    2331.92    2329.21     2326.9    2324.99    2323.48    2322.38    2321.69    2321.39     2321.5    2322.02    2322.93    2324.26    2325.98    2328.11    2330.64    2333.57    2336.91    2340.65     2344.8    2349.34     2354.3    2359.65    2365.41    2371.57    2378.14    2385.11    2392.48    2400.25
     2388.4    2380.56    2373.13    2366.11    2359.48    2353.27    2347.45    2342.04    2337.03    2332.42    2328.22    2324.42    2321.03    2318.04    2315.45    2313.26    2311.48     2310.1    2309.13    2308.56    2308.39    2308.63    2309.27    2310.31    2311.76    2313.61    2315.86    2318.52    2321.58    2325.04    2328.91    2333.18    2337.86    2342.93    2348.41     2354.3    2360.59    2367.28    2374.37    2381.87    2389.78
    2373.65    2365.94    2358.64    2351.74    2345.24    2339.15    2333.46    2328.17    2323.29    2318.81    2314.73    2311.06    2307.79    2304.93    2302.46    2300.41    2298.75     2297.5    2296.65    2296.21    2296.17    2296.53    2297.29    2298.46    2300.04    2302.01    2304.39    2307.17    2310.36    2313.95    2317.94    2322.34    2327.14    2332.35    2337.95    2343.96    2350.38     2357.2    2364.42    2372.04    2380.07
    2359.67    2352.09    2344.91    2338.14    2331.77     2325.8    2320.24    2315.08    2310.32    2305.97    2302.02    2298.47    2295.33    2292.59    2290.26    2288.32    2286.79    2285.67    2284.95    2284.63    2284.71     2285.2    2286.09    2287.39    2289.09    2291.19     2293.7    2296.61    2299.92    2303.64    2307.75    2312.28     2317.2    2322.53    2328.27    2334.41    2340.95    2347.89    2355.24    2362.99    2371.14
    2346.47    2339.02    2331.97    2325.32    2319.08    2313.23     2307.8    2302.76    2298.13    2293.91    2290.08    2286.66    2283.65    2281.03    2278.82    2277.02    2275.61    2274.61    2274.02    2273.83    2274.04    2274.65    2275.67    2277.09    2278.92    2281.15    2283.78    2286.81    2290.25    2294.09    2298.34    2302.99    2308.04     2313.5    2319.36    2325.62    2332.29    2339.36    2346.83    2354.71    2362.99
    2334.05    2326.72     2319.8    2313.28    2307.16    2301.44    2296.13    2291.22    2286.72    2282.62    2278.92    2275.63    2272.74    2270.25    2268.17    2266.49    2265.21    2264.34    2263.87     2263.8    2264.14    2264.88    2266.02    2267.57    2269.52    2271.88    2274.63     2277.8    2281.36    2285.33     2289.7    2294.48    2299.66    2305.24    2311.22    2317.61    2324.41     2331.6     2339.2    2347.21    2355.61
     2322.4     2315.2     2308.4    2302.01    2296.01    2290.43    2285.24    2280.46    2276.08    2272.11    2268.53    2265.37     2262.6    2260.24    2258.28    2256.73    2255.58    2254.83    2254.49    2254.55    2255.01    2255.88    2257.15    2258.82     2260.9    2263.38    2266.27    2269.55    2273.25    2277.34    2281.84    2286.74    2292.05    2297.75    2303.87    2310.38     2317.3    2324.62    2332.35    2340.48    2349.01
    2311.53    2304.45    2297.78    2291.51    2285.65    2280.18    2275.13    2270.47    2266.22    2262.37    2258.92    2255.88    2253.24    2251.01    2249.18    2247.75    2246.73    2246.11    2245.89    2246.07    2246.66    2247.66    2249.05    2250.85    2253.06    2255.66    2258.67    2262.09    2265.91    2270.13    2274.75    2279.78    2285.21    2291.04    2297.28    2303.92    2310.97    2318.42    2326.27    2334.53    2343.18
    2301.43    2294.48    2287.94    2281.79    2276.05    2270.72    2265.79    2261.26    2257.13    2253.41    2250.09    2247.17    2244.66    2242.55    2240.85    2239.55    2238.65    2238.15    2238.06    2238.37    2239.09    2240.21    2241.73    2243.66    2245.99    2248.72    2251.86     2255.4    2259.34    2263.69    2268.44    2273.59    2279.15    2285.11    2291.47    2298.24    2305.41    2312.99    2320.97    2329.35    2338.13
    2292.11    2285.29    2278.87    2272.85    2267.24    2262.03    2257.22    2252.82    2248.82    2245.22    2242.03    2239.24    2236.85    2234.87    2233.29    2232.12    2231.35    2230.98    2231.01    2231.45    2232.29    2233.54    2235.19    2237.24    2239.69    2242.55    2245.82    2249.48    2253.55    2258.02     2262.9    2268.18    2273.86    2279.95    2286.44    2293.34    2300.63    2308.33    2316.44    2324.95    2333.86
    2283.57    2276.87    2270.58    2264.68     2259.2    2254.11    2249.43    2245.16    2241.28    2237.81    2234.75    2232.08    2229.82    2227.97    2226.51    2225.46    2224.82    2224.58    2224.74     2225.3    2226.27    2227.64    2229.42    2231.59    2234.18    2237.16    2240.55    2244.34    2248.54    2253.14    2258.14    2263.55    2269.36    2275.57    2282.19    2289.21    2296.63    2304.46    2312.69    2321.32    2330.36
     2275.8    2269.23    2263.06    2257.29    2251.93    2246.97    2242.42    2238.27    2234.52    2231.18    2228.24     2225.7    2223.57    2221.84    2220.51    2219.59    2219.07    2218.95    2219.24    2219.93    2221.02    2222.52    2224.42    2226.73    2229.43    2232.54    2236.06    2239.98     2244.3    2249.03    2254.15    2259.69    2265.62    2271.96     2278.7    2285.85     2293.4    2301.35    2309.71    2318.47    2327.63
     2268.8    2262.36    2256.32    2250.68    2245.44    2240.61    2236.18    2232.16    2228.54    2225.32     2222.5    2220.09    2218.09    2216.48    2215.28    2214.48    2214.09     2214.1    2214.51    2215.33    2216.55    2218.17     2220.2    2222.63    2225.47     2228.7    2232.34    2236.39    2240.84    2245.69    2250.94     2256.6    2262.66    2269.13       2276    2283.27    2290.95    2299.03    2307.51     2316.4    2325.68
    2262.58    2256.26    2250.35    2244.84    2239.73    2235.02    2230.72    2226.82    2223.33    2220.23    2217.55    2215.26    2213.38     2211.9    2210.83    2210.16    2209.89    2210.03    2210.56    2211.51    2212.85     2214.6    2216.76    2219.31    2222.27    2225.64    2229.41    2233.58    2238.15    2243.13    2248.51    2254.29    2260.48    2267.07    2274.07    2281.47    2289.27    2297.47    2306.08     2315.1    2324.51
    2257.14    2250.95    2245.16    2239.77    2234.79    2230.21    2226.03    2222.26    2218.89    2215.93    2213.36    2211.21    2209.45     2208.1    2207.15    2206.61    2206.46    2206.73    2207.39    2208.46    2209.93    2211.81    2214.09    2216.77    2219.86    2223.35    2227.24    2231.54    2236.24    2241.34    2246.85    2252.76    2259.08    2265.79    2272.91    2280.44    2288.37     2296.7    2305.43    2314.57    2324.11
    2252.47    2246.41    2240.74    2235.48    2230.63    2226.17    2222.12    2218.48    2215.23    2212.39    2209.96    2207.92     2206.3    2205.07    2204.25    2203.83    2203.81     2204.2    2204.99    2206.19    2207.79    2209.79     2212.2    2215.01    2218.22    2221.83    2225.85    2230.28     2235.1    2240.33    2245.97       2252    2258.44    2265.29    2272.53    2280.19    2288.24     2296.7    2305.56    2314.82    2324.49
    2248.58    2242.64     2237.1    2231.97    2227.24    2222.91    2218.99    2215.47    2212.35    2209.64    2207.33    2205.42    2203.92    2202.82    2202.12    2201.83    2201.94    2202.45    2203.37    2204.69    2206.42    2208.55    2211.08    2214.01    2217.35     2221.1    2225.24    2229.79    2234.74     2240.1    2245.86    2252.02    2258.59    2265.56    2272.93    2280.71    2288.89    2297.47    2306.46    2315.85    2325.64
    2245.46    2239.65    2234.24    2229.23    2224.62    2220.42    2216.63    2213.23    2210.24    2207.65    2205.47    2203.69    2202.31    2201.34    2200.77     2200.6    2200.84    2201.48    2202.53    2203.97    2205.82    2208.08    2210.74     2213.8    2217.26    2221.13     2225.4    2230.08    2235.16    2240.64    2246.53    2252.81    2259.51     2266.6     2274.1    2282.01    2290.31    2299.02    2308.14    2317.65    2327.57
    2243.12    2237.43    2232.15    2227.27    2222.79    2218.71    2215.04    2211.77    2208.91    2206.45    2204.39    2202.74    2201.49    2200.64     2200.2    2200.16    2200.52    2201.29    2202.46    2204.03    2206.01    2208.39    2211.17    2214.36    2217.95    2221.94    2226.34    2231.14    2236.35    2241.96    2247.97    2254.38     2261.2    2268.42    2276.05    2284.08    2292.51    2301.35    2310.59    2320.23    2330.28
    2241.56    2235.99    2230.83    2226.08    2221.73    2217.78    2214.23    2211.09    2208.35    2206.02    2204.09    2202.56    2201.43    2200.71     2200.4    2200.48    2200.97    2201.86    2203.16    2204.86    2206.96    2209.47    2212.38    2215.69    2219.41    2223.53    2228.06    2232.98    2238.31    2244.05    2250.19    2256.73    2263.67    2271.02    2278.77    2286.93    2295.49    2304.45    2313.82    2323.58    2333.76
    2240.77    2235.33     2230.3    2225.67    2221.44    2217.62     2214.2    2211.18    2208.57    2206.36    2204.56    2203.16    2202.16    2201.56    2201.37    2201.58     2202.2    2203.22    2204.64    2206.47     2208.7    2211.33    2214.36     2217.8    2221.65    2225.89    2230.54     2235.6    2241.06    2246.92    2253.18    2259.85    2266.92    2274.39    2282.27    2290.55    2299.24    2308.33    2317.82    2327.71    2338.01
    2240.75    2235.44    2230.53    2226.03    2221.93    2218.23    2214.94    2212.05    2209.57    2207.48     2205.8    2204.53    2203.66    2203.19    2203.12    2203.46     2204.2    2205.35     2206.9    2208.85     2211.2    2213.96    2217.13    2220.69    2224.66    2229.03    2233.81    2238.99    2244.57    2250.56    2256.95    2263.74    2270.94    2278.54    2286.55    2294.95    2303.76    2312.98     2322.6    2332.62    2343.04
    2241.51    2236.33    2231.55    2227.17     2223.2    2219.63    2216.46     2213.7    2211.33    2209.38    2207.83    2206.68    2205.93    2205.59    2205.65    2206.11    2206.98    2208.25    2209.93    2212.01    2214.49    2217.37    2220.66    2224.35    2228.45    2232.95    2237.85    2243.16    2248.87    2254.98    2261.49    2268.41    2275.74    2283.46     2291.6    2300.13    2309.07    2318.41    2328.15     2338.3    2348.85
    2243.05    2237.99    2233.33    2229.08    2225.24    2221.79    2218.75    2216.11    2213.88    2212.05    2210.62     2209.6    2208.98    2208.76    2208.95    2209.54    2210.54    2211.93    2213.73    2215.94    2218.55    2221.56    2224.97    2228.79    2233.01    2237.64    2242.67     2248.1    2253.93    2260.17    2266.82    2273.86    2281.31    2289.16    2297.42    2306.08    2315.14    2324.61    2334.48    2344.75    2355.43
    2245.36    2240.43     2235.9    2231.77    2228.05    2224.73    2221.82    2219.31     2217.2     2215.5     2214.2     2213.3    2212.81    2212.72    2213.03    2213.74    2214.86    2216.39    2218.32    2220.65    2223.38    2226.52    2230.06       2234    2238.35     2243.1    2248.26    2253.82    2259.78    2266.14    2272.91    2280.08    2287.66    2295.64    2304.02    2312.81       2322    2331.59    2341.59    2351.99    2362.79
    2248.45    2243.64    2239.24    2235.24    2231.64    2228.45    2225.66    2223.28     2221.3    2219.72    2218.54    2217.77    2217.41    2217.44    2217.88    2218.72    2219.97    2221.62    2223.67    2226.13    2228.99    2232.25    2235.92    2239.99    2244.47    2249.34    2254.62    2260.31     2266.4    2272.89    2279.78    2287.08    2294.78    2302.89     2311.4    2320.31    2329.62    2339.34    2349.47    2359.99    2370.92
    2252.31    2247.63    2243.35    2239.48    2236.01    2232.95    2230.28    2228.02    2226.17    2224.72    2223.67    2223.02    2222.78    2222.94    2223.51    2224.48    2225.85    2227.63    2229.81    2232.39    2235.38    2238.77    2242.56    2246.76    2251.36    2256.36    2261.77    2267.58    2273.79    2280.41    2287.43    2294.85    2302.68    2310.91    2319.55    2328.59    2338.03    2347.87    2358.12    2368.77    2379.83
    2256.95    2252.39    2248.24     2244.5    2241.15    2238.21    2235.68    2233.55    2231.82    2230.49    2229.57    2229.05    2228.93    2229.22    2229.91    2231.01    2232.51    2234.41    2236.72    2239.42    2242.54    2246.05    2249.97    2254.29    2259.02    2264.15    2269.68    2275.62    2281.96     2288.7    2295.85     2303.4    2311.36    2319.71    2328.47    2337.64    2347.21    2357.18    2367.55    2378.33    2389.51
    2262.36    2257.93    2253.91    2250.29    2247.07    2244.26    2241.85    2239.84    2238.24    2237.04    2236.24    2235.85    2235.86    2236.28    2237.09    2238.31    2239.94    2241.97     2244.4    2247.23    2250.47    2254.12    2258.16    2262.61    2267.46    2272.72    2278.38    2284.44    2290.91    2297.78    2305.05    2312.73    2320.81    2329.29    2338.18    2347.47    2357.16    2367.26    2377.76    2388.67    2399.97
    2268.55    2264.25    2260.35    2256.86    2253.77    2251.08    2248.79    2246.91    2245.44    2244.36    2243.69    2243.43    2243.56     2244.1    2245.05     2246.4    2248.15     2250.3    2252.86    2255.82    2259.19    2262.95    2267.13     2271.7    2276.68    2282.06    2287.85    2294.04    2300.63    2307.62    2315.02    2322.83    2331.03    2339.64    2348.66    2358.07    2367.89    2378.12    2388.74    2399.77    2411.21
    2275.51    2271.34    2267.57     2264.2    2261.24    2258.67    2256.52    2254.76    2253.41    2252.46    2251.92    2251.78    2252.04    2252.71    2253.78    2255.25    2257.13    2259.41    2262.09    2265.18    2268.67    2272.57    2276.86    2281.57    2286.67    2292.18    2298.09    2304.41    2311.12    2318.25    2325.77     2333.7    2342.03    2350.77    2359.91    2369.45     2379.4    2389.75     2400.5    2411.66    2423.22
    2283.25    2279.21    2275.56    2272.32    2269.48    2267.04    2265.01    2263.39    2262.16    2261.34    2260.92    2260.91     2261.3    2262.09    2263.29    2264.89    2266.89     2269.3    2272.11    2275.32    2278.94    2282.96    2287.38    2292.21    2297.44    2303.07    2309.11    2315.55     2322.4    2329.64     2337.3    2345.35    2353.81    2362.67    2371.94    2381.61    2391.68    2402.16    2413.03    2424.32       2436
    2291.77    2287.85    2284.33    2281.21     2278.5    2276.19    2274.29    2272.78    2271.69    2270.99     2270.7    2270.81    2271.33    2272.25    2273.57    2275.29    2277.42    2279.96    2282.89    2286.23    2289.97    2294.12    2298.67    2303.62    2308.98    2314.74    2320.91    2327.47    2334.44    2341.82     2349.6    2357.78    2366.36    2375.35    2384.74    2394.54    2404.74    2415.34    2426.34    2437.75    2449.57
    2301.06    2297.27    2293.87    2290.88     2288.3    2286.11    2284.33    2282.96    2281.99    2281.42    2281.25    2281.49    2282.13    2283.18    2284.62    2286.48    2288.73    2291.39    2294.45    2297.92    2301.79    2306.06    2310.74    2315.82     2321.3    2327.19    2333.48    2340.17    2347.27    2354.77    2362.67    2370.98    2379.69     2388.8    2398.32    2408.24    2418.57     2429.3    2440.43    2451.96     2463.9
    2311.13    2307.46    2304.19    2301.33    2298.87    2296.81    2295.16    2293.91    2293.06    2292.62    2292.58    2292.94    2293.71    2294.88    2296.46    2298.44    2300.82     2303.6    2306.79    2310.38    2314.38    2318.78    2323.58    2328.78    2334.39    2340.41    2346.82    2353.64    2360.87    2368.49    2376.52    2384.96    2393.79    2403.03    2412.68    2422.73    2433.18    2444.03    2455.29    2466.95    2479.01
    2321.97    2318.43    2315.29    2312.55    2310.21    2308.28    2306.76    2305.63    2304.91     2304.6    2304.68    2305.17    2306.07    2307.36    2309.07    2311.17    2313.68    2316.59     2319.9    2323.62    2327.74    2332.27     2337.2    2342.53    2348.26     2354.4    2360.95    2367.89    2375.24    2382.99    2391.15    2399.71    2408.67    2418.04    2427.81    2437.98    2448.56    2459.54    2470.92    2482.71     2494.9
    2333.59    2330.17    2327.16    2324.54    2322.34    2320.53    2319.13    2318.13    2317.54    2317.35    2317.56    2318.18     2319.2    2320.62    2322.45    2324.68    2327.31    2330.35    2333.79    2337.64    2341.88    2346.53    2351.59    2357.05    2362.91    2369.17    2375.84    2382.91    2390.39    2398.27    2406.55    2415.24    2424.33    2433.82    2443.72    2454.02    2464.72    2475.83    2487.34    2499.25    2511.57
    2345.98    2342.69     2339.8    2337.32    2335.23    2333.56    2332.28    2331.41    2330.94    2330.88    2331.22    2331.96    2333.11    2334.66    2336.61    2338.97    2341.73    2344.89    2348.46    2352.43     2356.8    2361.58    2366.76    2372.34    2378.33    2384.72    2391.52    2398.71    2406.32    2414.32    2422.73    2431.54    2440.76    2450.38     2460.4    2470.82    2481.65    2492.89    2504.52    2516.56    2529.01

